2 100
0.1 0.3272746770528111 0.19955569498022302 -0.12942944363024092 0.22026735224684524 0.07729351141209785 -0.11972332014860854 0 0 0
0.0125 0.3306257115371051 0.19955569498022302 -0.1293624162378158 12.234690590983059 0.07729351141209785 -1201.5620471931375 0 0 0
2.5e-06 0.3002685859859823 0.18721230455462226 -0.11849618437695768 -165.2692029366727 326.77931335175424 -346.8970701182193
2.5e-06 0.3587784858851584 0.24839159751892864 -0.1491395574073648 179.13360073999723 154.2564195305665 -382.1308000048348
2.5e-06 0.27849663093285926 0.2504980805808986 -0.2299406104590119 24.60686409173728 -140.68811425147862 -519.7564939837887
2.5e-06 0.33521710639494295 0.1730494251594659 -0.09424492259200143 63.93133615541228 -125.53799811760126 -192.83311421547324
2.5e-06 0.351634012335652 0.18024756731624847 -0.09152060049832747 -24.129457166897804 -306.562081190549 -374.7647651394591
2.5e-06 0.28953542743093874 0.20806043313799003 -0.14809765001297984 304.10738148020516 176.7810791165783 -490.24640576695276
2.5e-06 0.32918008806459714 0.18191396426387824 -0.05637966960673896 -156.20509922341526 19.665157677779167 -504.99466134945044
2.5e-06 0.3462829194520491 0.1703023014386386 -0.14705058340669067 -271.63203324016024 -150.92733655788527 -338.66905792515036
2.5e-06 0.3709064018353733 0.22618740231187556 -0.1415024554207645 58.46209093978886 94.27115186546811 -282.7592305763169
2.5e-06 0.2513334301884022 0.3068930123381598 -0.2797764962388116 -57.74722443244442 -0.4079029824551707 -587.6454308706675
2.5e-06 0.3303910971361077 0.23732219642811403 -0.14125465517113892 30.03877269945829 -50.153390736678034 -188.86392631839576
2.5e-06 0.34703371261549304 0.27361263371000816 -0.12420651174015197 -57.060149586971896 14.919141307475991 -341.84769803794745
2.5e-06 0.3998688481530127 0.20982506287357475 -0.1442819192822363 -121.11383406882 -73.79497858261627 -371.3590528403952
2.5e-06 0.3034807773596049 0.22736267985868353 -0.10242550586539569 53.42781899834104 144.720941983278 -261.1119886814872
2.5e-06 0.29156004264584484 0.16071359241711075 -0.14001725366788817 -49.55428646331456 -111.3187438267519 -342.84936921779797
2.5e-06 0.3410083004855943 0.2126875548924769 -0.11075841373315501 346.4594852523069 32.345859880112805 -198.68310662543203
2.5e-06 0.4357999299543096 0.03859144641011619 -0.20535304103176744 -25.052554537150215 -97.24741279119797 -519.5247508912148
2.5e-06 0.3352688138867619 0.19469357243006896 -0.1668495649675973 132.80161091046858 352.5349319681043 -334.74431558192214
2.5e-06 0.3645191370215066 0.19806223904929923 -0.1311417000844149 -83.64611438624122 189.31946313822073 -168.4505939390526
2.5e-06 0.33033099492723084 0.269121247827861 -0.12374993804683677 -27.96442801165507 1.820941965163802 -266.952455246206
2.5e-06 0.3282364241311194 0.19926099313831908 -0.10056904304262029 408.0686562857383 216.99356236108534 -343.0086791256035
2.5e-06 0.24785666823889463 0.2075944657131816 -0.02215684550468798 -72.48595260577113 -1.327817983067814 -610.6429546881927
2.5e-06 0.311695235302675 0.22003015055401726 -0.17067910910494466 -63.83410465438118 -29.451653873273624 -275.54204467531554
2.5e-06 0.28049870613811784 0.2531523890791393 -0.08351044467562582 74.6573283153508 -27.893104672539884 -328.5906154214118
2.5e-06 0.3583325607717849 0.12098678917974073 -0.03600213383203042 -32.711875194242374 -33.57134994112118 -386.24763257689835
2.5e-06 0.3417700443445034 0.21127855093139303 -0.12939959998907932 285.9904480176387 27.867150905177308 44.38393551732284
2.5e-06 0.36258014105828906 0.2069703679986385 -0.12719541057176895 176.95907668838507 80.67404150235288 -134.0364865020687
2.5e-06 0.42741920745614476 0.13386653250802794 -0.11167980107645614 48.91907723853401 24.828577992991768 -668.4791282155777
2.5e-06 0.42418409718330397 0.1025011426963147 -0.1101079338128197 88.14740892114251 -45.47552749521198 -441.8995399101816
2.5e-06 0.37541849006245925 0.18531309253915673 -0.10432321489611548 28.905228717277982 -88.53670116245101 -284.3463538361891
2.5e-06 0.3062971463469071 0.17447521107790154 -0.07653900582321532 -85.84014289486217 26.543717682404 -327.84032461886886
2.5e-06 0.3382528054028208 0.25856159686281366 -0.13265783779456064 -208.69853793774104 39.074846103121224 -325.8547912522083
2.5e-06 0.32679721099655396 0.2044601505371431 -0.20486060673993856 -130.79766435365156 10.034785782155033 -388.20234917098264
2.5e-06 0.27174828458949174 0.18929193630958996 -0.14818842513514477 -246.4416137780428 -216.49842659777272 -588.3966635297081
2.5e-06 0.3313724469979306 0.23825788743958054 -0.10449297714091135 -296.6200782797191 -200.96249892610962 -471.7342658031914
2.5e-06 0.32927976546604637 0.1790602682572676 -0.11900662477709341 -397.6778315824476 273.9851248560918 -232.99110823294876
2.5e-06 0.3489319377864221 0.2029140241654544 -0.11310266077246142 -363.6118002170525 -334.7317207875735 -363.4861706643734
2.5e-06 0.38167981558574493 0.19623129589438829 -0.11096414553746915 225.26844553319648 13.011677823366634 -286.60908275712313
2.5e-06 0.305454264802815 0.2304002481562553 -0.1722523528077371 182.6870450870029 -189.5831368065096 -352.53493923333144
2.5e-06 0.36152935179108253 0.17004462465363043 -0.11477822844773929 -39.794365827410324 262.16639777581565 -362.9627272795283
2.5e-06 0.2704953138175102 0.24313399036011063 -0.13807142676081946 2.504543509656844 -28.722955925184753 -288.1387859776803
2.5e-06 0.3265589017412516 0.2572699241227626 -0.10161092358975703 337.44748305756445 68.71918369375642 -526.2725361817556
2.5e-06 0.34898461976676676 0.15178110153446495 -0.13702786800065864 -247.51735439357307 57.24771506359457 -315.87415128740304
2.5e-06 0.23673506524870094 0.20250792747405105 -0.16166572088932885 -65.64666697217957 -17.009663216945977 -401.9950168129782
2.5e-06 0.28157108200950265 0.180701637733728 -0.07256467838618524 -140.80676145442683 35.07007402901842 -388.71150051502707
2.5e-06 0.43118651607687597 0.11652808293666234 -0.1324362045911953 -21.851492577577517 7.550836105958295 -528.4229030504239
2.5e-06 0.22400065121254023 0.2379890326282842 -0.14376537781404422 10.475118925035552 -60.94992723492123 -625.7262446207365
2.5e-06 0.3297622330625131 0.20024792639818834 -0.05865157333696289 128.51346159170748 156.17526932896516 -458.906650382346
2.5e-06 0.3536197349501798 0.15432621941712527 -0.10459051805623983 181.22225986981172 108.05568709457896 -320.664216451377
2.5e-06 0.3112113275106805 0.19783638926232008 -0.11286256871694925 69.4883259626491 248.09133746718376 -108.88102390644494
2.5e-06 0.2964943364518217 0.21295130934929815 -0.14803807683372444 -47.09276648994299 -273.0040739873572 -251.55675004581164
2.5e-06 0.27986535791457 0.14386893152677707 -0.14279613524085724 210.0624135377881 -131.31239454565505 -415.39229520581625
2.5e-06 0.3524144838412837 0.20462733899141383 -0.16018721067361202 -16.970607364827234 -239.67588772572077 -218.5122710057483
2.5e-06 0.2419219695935354 0.14779712102494524 -0.15851057507071295 62.45021488515812 23.341280029781387 -506.1150919536908
2.5e-06 0.2124325808160321 0.11417667190909073 -0.051945421691251076 -55.80825585410304 -70.93531294311074 -462.8757841784487
2.5e-06 0.2326695037932154 0.25547014690162895 0.009254245105696918 94.86202406668704 -68.44750316580289 -488.344742927811
2.5e-06 0.2646049921282552 0.21466492345286067 -0.1303549471706461 -207.93723420652913 -102.77898729247688 -403.8332981310285
2.5e-06 0.3562874742876706 0.3326529199310896 -0.08859007753582081 73.32688582306251 15.582993072209698 -493.77100109600997
2.5e-06 0.2972212412769573 0.27765453716835986 -0.02054266907324863 141.94402502490018 71.6310697142261 -559.9394432091808
2.5e-06 0.31240317187140004 0.20975998510800986 -0.18073699376914007 -69.10892743927495 -6.1599745058863205 -268.7554093771173
2.5e-06 0.337256549057822 0.15223745652195236 -0.14708300443599384 42.905701963716425 -145.37988710399452 -316.12025966451995
2.5e-06 0.301014142732714 0.20831064172021746 -0.13457501796852578 -69.80829887499104 -235.86203675448644 -144.70044669138852
2.5e-06 0.3269617133564472 0.24020400684016951 -0.12034826240494714 -316.6989881218759 133.73054235127935 -362.8867711883455
2.5e-06 0.31381076926768675 0.240494942559915 -0.09477254862964477 16.27662329186987 231.99618371729252 -324.34564234180743
2.5e-06 0.3210637497878448 0.18458627720473003 -0.14889299648786425 60.288665744410764 303.26834107338965 -166.09860593203356
2.5e-06 0.27835311997979717 0.15905889090185452 -0.13236580161489064 -45.86811516143114 37.155085704775935 -338.104371666549
2.5e-06 0.296322346014382 0.32118401680935915 -0.11217446770314234 -50.232845435619836 -183.5854224375686 -495.06256064264676
2.5e-06 0.357968091940271 0.19911730942957306 -0.12544400491621713 -7.254679814634876 152.6627955353917 -91.39760901038231
2.5e-06 0.2761734167689204 0.16931280662404277 -0.10664421604346437 -43.12167280583812 168.43145294660198 -376.95707177995484
2.5e-06 0.3412188418304296 0.24516025428712504 -0.17083630857456067 149.2392963454057 18.88129964358268 -354.3671794319363
2.5e-06 0.27228431811578596 0.13589453134015078 -0.15728685721300406 -102.19076790152897 109.89238552143577 -417.57310883876517
2.5e-06 0.34301754134902146 0.13196965493759494 -0.1894271737902669 3.815634158125805 54.96719213343918 -334.9061888247819
2.5e-06 0.3127619760149943 0.21373354709145256 -0.16917393996433164 -163.00959073381756 197.36757901382205 -251.5246989141123
2.5e-06 0.3110162350291444 0.23018257207425225 -0.09593805155965872 304.1000182430745 -211.81011676090125 -416.5001265510548
2.5e-06 0.3539651985884403 0.2283193527641542 -0.12068471998912136 -144.9579020367488 -44.053500763201015 -188.20392599006152
2.5e-06 0.2434314915134595 0.18144143861965545 -0.08803925209203231 151.3786589669498 47.77346079655444 -534.1167719992832
2.5e-06 0.31053224265467405 0.21308246050973026 -0.12847561143280217 69.1594249683242 166.0667019087375 -20.158400766512784
2.5e-06 0.27253571822044226 0.15687272750617592 -0.2614946528467447 138.0531460927516 94.30706180705185 -507.28607959753106
2.5e-06 0.3162955135743274 0.19668326184085477 -0.14001585226090485 -380.5793794415046 283.32694551908065 -79.9228051976513
2.5e-06 0.3685498383574707 0.1700620547267242 -0.09128960473509432 -157.84388529281975 194.621179755409 -433.1445547441374
2.5e-06 0.4450969006428766 0.1967117198362194 -0.0337899989007201 49.58720302808318 -128.24993355541142 -524.1246335573619
2.5e-06 0.32981024484141563 0.16072160508848152 -0.0768851821566355 -199.0237559406638 49.95371688690416 -339.2028221132732
2.5e-06 0.2841495009708698 0.21411143052597345 -0.08569158924104334 -168.3433102045228 134.27152004188198 -412.8224380718317
2.5e-06 0.38074664790633894 0.15312041489238215 -0.15303807306520348 136.03219736552472 -216.02982669132857 -409.26402589359566
2.5e-06 0.3748592343650755 0.18631933415837204 -0.11190701696508716 -66.94930769510631 197.05045292165985 -322.2805727137379
2.5e-06 0.2918168032686902 0.19861621568586912 -0.16398192881836968 77.46479637031513 -52.850062748052274 -206.85666651095437
2.5e-06 0.30564925989013125 0.23359465614748415 -0.1494858139900348 110.99913341385093 -164.8959536780599 -294.8548338661519
2.5e-06 0.32018526445535384 0.20955468762689958 -0.09632413310520169 -132.43325700630038 89.04697363697052 -202.80289131865285
2.5e-06 0.3505626202148466 0.17758021552985376 -0.1285961022083818 391.61470200488947 -294.70977716752697 -413.1501747942459
2.5e-06 0.3381664458987751 0.16968307905588847 -0.06677161141272958 199.84000443485834 30.728886317624607 -455.95568196134366
2.5e-06 0.26794531688980905 0.2503776107672302 -0.0852871241106989 6.956761880154422 -35.80809250912383 -341.97771830141266
2.5e-06 0.2776812295631114 0.16025274370694562 -0.14958577199228998 75.94970057527902 207.09927741588194 -420.0792447508039
2.5e-06 0.32212204782196313 0.20560202348229514 -0.1478260779962023 -470.17458241017374 178.50473457995497 -212.13980638669568
2.5e-06 0.3877117839688812 0.14489039349031727 -0.15317721975685278 -33.307008268392224 -27.011736495634022 -348.50337680273776
2.5e-06 0.30619868881244244 0.20623406169015746 -0.13890917480408213 103.34845826533272 -86.35925127791648 -25.276161331966946
2.5e-06 0.3310329617748123 0.23209408058838624 -0.16681104055788523 206.27339764288877 -255.35054465760157 -421.2664446929854
2.5e-06 0.32346850602415117 0.19551616793631765 -0.15910240088724475 -365.6278371163013 180.10005018750735 -314.9884209918821
2.5e-06 0.32383809168995686 0.1921882022834341 -0.12157829213296632 479.48995320513444 -252.39075968758075 72.88925130809392
2.5e-06 0.41452874277329227 0.22489397717458964 -0.22335197456509936 -113.0306322994372 -170.83287132423877 -588.9440606584377
2.5e-06 0.3295556189404204 0.2528044235604353 -0.1102271963016058 -21.072909953086175 39.46431477732238 -254.5282305014115
